model_with_layer: 9,5,5 
 bicubic: 36.63356570402663, 
 SRCNN : 37.83815928321347
